  10             46.07    
 110            620.36    
 210           1071.02    
 310           1798.57    
 410           2018.67    
 510           2469.47    
 610           2899.46    
 710           3006.77    
 810           3585.20    
 910           4026.95    
1010           4035.08    
1110           4287.82    
1210           4433.74    
1310           4772.51    
1410           4992.77    
1510           4670.19    
1610           4918.14    
1710           5312.27    
1810           5271.99    
