  10             32.41    
 210            643.40    
 410           1072.12    
 610           1674.55    
 810           2330.95    
1010           2857.44    
1210           3205.88    
1410           3625.26    
1610           4080.99    
1810           4344.05    
2010           4974.57    
2210           6080.99    
2410           6535.12    
2610           6946.06    
2810           7326.43    
3010           8412.40    
3210           8537.26    
3410           9069.90    
3610          10277.28    
3810          12645.67    
4010          13294.59    
4210          13853.23    
4410          14675.66    
4610          12480.79    
4810          14361.79    
5010          14085.59    
5210          12030.77    
5410          17490.18    
5610          18593.39    
5810          19315.71    
